payment_number,year,payment,interest,principle,loan
1,1,2423.73,1793.81,629.92,477720.08
2,1,2423.73,1791.45,632.28,477087.80
3,1,2423.73,1789.08,634.65,476453.15
4,1,2423.73,1786.70,637.03,475816.12
5,1,2423.73,1784.31,639.42,475176.71
6,1,2423.73,1781.91,641.82,474534.89
7,1,2423.73,1779.51,644.22,473890.67
8,1,2423.73,1777.09,646.64,473244.03
9,1,2423.73,1774.67,649.06,472594.96
10,1,2423.73,1772.23,651.50,471943.46
11,1,2423.73,1769.79,653.94,471289.52
12,1,2423.73,1767.34,656.39,470633.13
13,2,2423.73,1764.87,658.85,469974.28
14,2,2423.73,1762.40,661.33,469312.95
15,2,2423.73,1759.92,663.81,468649.14
16,2,2423.73,1757.43,666.29,467982.85
17,2,2423.73,1754.94,668.79,467314.06
18,2,2423.73,1752.43,671.30,466642.75
19,2,2423.73,1749.91,673.82,465968.94
20,2,2423.73,1747.38,676.35,465292.59
21,2,2423.73,1744.85,678.88,464613.71
22,2,2423.73,1742.30,681.43,463932.28
23,2,2423.73,1739.75,683.98,463248.30
24,2,2423.73,1737.18,686.55,462561.75
25,3,2423.73,1734.61,689.12,461872.63
26,3,2423.73,1732.02,691.71,461180.92
27,3,2423.73,1729.43,694.30,460486.62
28,3,2423.73,1726.82,696.90,459789.71
29,3,2423.73,1724.21,699.52,459090.20
30,3,2423.73,1721.59,702.14,458388.06
31,3,2423.73,1718.96,704.77,457683.28
32,3,2423.73,1716.31,707.42,456975.86
33,3,2423.73,1713.66,710.07,456265.79
34,3,2423.73,1711.00,712.73,455553.06
35,3,2423.73,1708.32,715.41,454837.66
36,3,2423.73,1705.64,718.09,454119.57
37,4,2423.73,1702.95,720.78,453398.79
38,4,2423.73,1700.25,723.48,452675.30
39,4,2423.73,1697.53,726.20,451949.11
40,4,2423.73,1694.81,728.92,451220.19
41,4,2423.73,1692.08,731.65,450488.53
42,4,2423.73,1689.33,734.40,449754.14
43,4,2423.73,1686.58,737.15,449016.99
44,4,2423.73,1683.81,739.92,448277.07
45,4,2423.73,1681.04,742.69,447534.38
46,4,2423.73,1678.25,745.48,446788.91
47,4,2423.73,1675.46,748.27,446040.63
48,4,2423.73,1672.65,751.08,445289.56
49,5,2423.73,1669.84,753.89,444535.66
50,5,2423.73,1667.01,756.72,443778.94
51,5,2423.73,1664.17,759.56,443019.39
52,5,2423.73,1661.32,762.41,442256.98
53,5,2423.73,1658.46,765.27,441491.71
54,5,2423.73,1655.59,768.14,440723.58
55,5,2423.73,1652.71,771.02,439952.56
56,5,2423.73,1649.82,773.91,439178.66
57,5,2423.73,1646.92,776.81,438401.85
58,5,2423.73,1644.01,779.72,437622.12
59,5,2423.73,1641.08,782.65,436839.48
60,5,2423.73,1638.15,785.58,436053.90
61,6,2423.73,1635.20,788.53,435265.37
62,6,2423.73,1632.25,791.48,434473.89
63,6,2423.73,1629.28,794.45,433679.43
64,6,2423.73,1626.30,797.43,432882.00
65,6,2423.73,1623.31,800.42,432081.58
66,6,2423.73,1620.31,803.42,431278.16
67,6,2423.73,1617.29,806.44,430471.72
68,6,2423.73,1614.27,809.46,429662.26
69,6,2423.73,1611.23,812.50,428849.77
70,6,2423.73,1608.19,815.54,428034.22
71,6,2423.73,1605.13,818.60,427215.62
72,6,2423.73,1602.06,821.67,426393.95
73,7,2423.73,1598.98,824.75,425569.20
74,7,2423.73,1595.88,827.84,424741.35
75,7,2423.73,1592.78,830.95,423910.41
76,7,2423.73,1589.66,834.07,423076.34
77,7,2423.73,1586.54,837.19,422239.15
78,7,2423.73,1583.40,840.33,421398.82
79,7,2423.73,1580.25,843.48,420555.33
80,7,2423.73,1577.08,846.65,419708.68
81,7,2423.73,1573.91,849.82,418858.86
82,7,2423.73,1570.72,853.01,418005.85
83,7,2423.73,1567.52,856.21,417149.65
84,7,2423.73,1564.31,859.42,416290.23
85,8,2423.73,1561.09,862.64,415427.59
86,8,2423.73,1557.85,865.88,414561.71
87,8,2423.73,1554.61,869.12,413692.59
88,8,2423.73,1551.35,872.38,412820.21
89,8,2423.73,1548.08,875.65,411944.55
90,8,2423.73,1544.79,878.94,411065.62
91,8,2423.73,1541.50,882.23,410183.38
92,8,2423.73,1538.19,885.54,409297.84
93,8,2423.73,1534.87,888.86,408408.98
94,8,2423.73,1531.53,892.20,407516.79
95,8,2423.73,1528.19,895.54,406621.24
96,8,2423.73,1524.83,898.90,405722.34
97,9,2423.73,1521.46,902.27,404820.07
98,9,2423.73,1518.08,905.65,403914.42
99,9,2423.73,1514.68,909.05,403005.37
100,9,2423.73,1511.27,912.46,402092.91
101,9,2423.73,1507.85,915.88,401177.03
102,9,2423.73,1504.41,919.32,400257.72
103,9,2423.73,1500.97,922.76,399334.95
104,9,2423.73,1497.51,926.22,398408.73
105,9,2423.73,1494.03,929.70,397479.03
106,9,2423.73,1490.55,933.18,396545.85
107,9,2423.73,1487.05,936.68,395609.17
108,9,2423.73,1483.53,940.19,394668.97
109,10,2423.73,1480.01,943.72,393725.25
110,10,2423.73,1476.47,947.26,392777.99
111,10,2423.73,1472.92,950.81,391827.18
112,10,2423.73,1469.35,954.38,390872.80
113,10,2423.73,1465.77,957.96,389914.85
114,10,2423.73,1462.18,961.55,388953.30
115,10,2423.73,1458.57,965.15,387988.15
116,10,2423.73,1454.96,968.77,387019.37
117,10,2423.73,1451.32,972.41,386046.96
118,10,2423.73,1447.68,976.05,385070.91
119,10,2423.73,1444.02,979.71,384091.20
120,10,2423.73,1440.34,983.39,383107.81
121,11,2423.73,1436.65,987.07,382120.74
122,11,2423.73,1432.95,990.78,381129.96
123,11,2423.73,1429.24,994.49,380135.47
124,11,2423.73,1425.51,998.22,379137.25
125,11,2423.73,1421.76,1001.96,378135.28
126,11,2423.73,1418.01,1005.72,377129.56
127,11,2423.73,1414.24,1009.49,376120.07
128,11,2423.73,1410.45,1013.28,375106.79
129,11,2423.73,1406.65,1017.08,374089.71
130,11,2423.73,1402.84,1020.89,373068.82
131,11,2423.73,1399.01,1024.72,372044.10
132,11,2423.73,1395.17,1028.56,371015.53
133,12,2423.73,1391.31,1032.42,369983.11
134,12,2423.73,1387.44,1036.29,368946.82
135,12,2423.73,1383.55,1040.18,367906.64
136,12,2423.73,1379.65,1044.08,366862.56
137,12,2423.73,1375.73,1047.99,365814.57
138,12,2423.73,1371.80,1051.92,364762.64
139,12,2423.73,1367.86,1055.87,363706.77
140,12,2423.73,1363.90,1059.83,362646.94
141,12,2423.73,1359.93,1063.80,361583.14
142,12,2423.73,1355.94,1067.79,360515.35
143,12,2423.73,1351.93,1071.80,359443.55
144,12,2423.73,1347.91,1075.82,358367.74
145,13,2423.73,1343.88,1079.85,357287.89
146,13,2423.73,1339.83,1083.90,356203.99
147,13,2423.73,1335.76,1087.96,355116.02
148,13,2423.73,1331.69,1092.04,354023.98
149,13,2423.73,1327.59,1096.14,352927.84
150,13,2423.73,1323.48,1100.25,351827.59
151,13,2423.73,1319.35,1104.38,350723.21
152,13,2423.73,1315.21,1108.52,349614.70
153,13,2423.73,1311.06,1112.67,348502.02
154,13,2423.73,1306.88,1116.85,347385.17
155,13,2423.73,1302.69,1121.03,346264.14
156,13,2423.73,1298.49,1125.24,345138.90
157,14,2423.73,1294.27,1129.46,344009.44
158,14,2423.73,1290.04,1133.69,342875.75
159,14,2423.73,1285.78,1137.95,341737.80
160,14,2423.73,1281.52,1142.21,340595.59
161,14,2423.73,1277.23,1146.50,339449.10
162,14,2423.73,1272.93,1150.80,338298.30
163,14,2423.73,1268.62,1155.11,337143.19
164,14,2423.73,1264.29,1159.44,335983.75
165,14,2423.73,1259.94,1163.79,334819.96
166,14,2423.73,1255.57,1168.15,333651.80
167,14,2423.73,1251.19,1172.53,332479.27
168,14,2423.73,1246.80,1176.93,331302.34
169,15,2423.73,1242.38,1181.35,330120.99
170,15,2423.73,1237.95,1185.78,328935.22
171,15,2423.73,1233.51,1190.22,327744.99
172,15,2423.73,1229.04,1194.69,326550.31
173,15,2423.73,1224.56,1199.17,325351.14
174,15,2423.73,1220.07,1203.66,324147.48
175,15,2423.73,1215.55,1208.18,322939.30
176,15,2423.73,1211.02,1212.71,321726.60
177,15,2423.73,1206.47,1217.25,320509.34
178,15,2423.73,1201.91,1221.82,319287.52
179,15,2423.73,1197.33,1226.40,318061.12
180,15,2423.73,1192.73,1231.00,316830.12
181,16,2423.73,1188.11,1235.62,315594.51
182,16,2423.73,1183.48,1240.25,314354.26
183,16,2423.73,1178.83,1244.90,313109.36
184,16,2423.73,1174.16,1249.57,311859.79
185,16,2423.73,1169.47,1254.25,310605.53
186,16,2423.73,1164.77,1258.96,309346.57
187,16,2423.73,1160.05,1263.68,308082.89
188,16,2423.73,1155.31,1268.42,306814.48
189,16,2423.73,1150.55,1273.17,305541.30
190,16,2423.73,1145.78,1277.95,304263.35
191,16,2423.73,1140.99,1282.74,302980.61
192,16,2423.73,1136.18,1287.55,301693.06
193,17,2423.73,1131.35,1292.38,300400.68
194,17,2423.73,1126.50,1297.23,299103.45
195,17,2423.73,1121.64,1302.09,297801.36
196,17,2423.73,1116.76,1306.97,296494.39
197,17,2423.73,1111.85,1311.88,295182.51
198,17,2423.73,1106.93,1316.79,293865.72
199,17,2423.73,1102.00,1321.73,292543.98
200,17,2423.73,1097.04,1326.69,291217.29
201,17,2423.73,1092.06,1331.66,289885.63
202,17,2423.73,1087.07,1336.66,288548.97
203,17,2423.73,1082.06,1341.67,287207.30
204,17,2423.73,1077.03,1346.70,285860.60
205,18,2423.73,1071.98,1351.75,284508.85
206,18,2423.73,1066.91,1356.82,283152.03
207,18,2423.73,1061.82,1361.91,281790.12
208,18,2423.73,1056.71,1367.02,280423.10
209,18,2423.73,1051.59,1372.14,279050.96
210,18,2423.73,1046.44,1377.29,277673.67
211,18,2423.73,1041.28,1382.45,276291.22
212,18,2423.73,1036.09,1387.64,274903.58
213,18,2423.73,1030.89,1392.84,273510.74
214,18,2423.73,1025.67,1398.06,272112.68
215,18,2423.73,1020.42,1403.31,270709.37
216,18,2423.73,1015.16,1408.57,269300.80
217,19,2423.73,1009.88,1413.85,267886.95
218,19,2423.73,1004.58,1419.15,266467.80
219,19,2423.73,999.25,1424.47,265043.32
220,19,2423.73,993.91,1429.82,263613.50
221,19,2423.73,988.55,1435.18,262178.33
222,19,2423.73,983.17,1440.56,260737.77
223,19,2423.73,977.77,1445.96,259291.80
224,19,2423.73,972.34,1451.38,257840.42
225,19,2423.73,966.90,1456.83,256383.59
226,19,2423.73,961.44,1462.29,254921.30
227,19,2423.73,955.95,1467.77,253453.53
228,19,2423.73,950.45,1473.28,251980.25
229,20,2423.73,944.93,1478.80,250501.44
230,20,2423.73,939.38,1484.35,249017.09
231,20,2423.73,933.81,1489.92,247527.18
232,20,2423.73,928.23,1495.50,246031.68
233,20,2423.73,922.62,1501.11,244530.57
234,20,2423.73,916.99,1506.74,243023.83
235,20,2423.73,911.34,1512.39,241511.44
236,20,2423.73,905.67,1518.06,239993.38
237,20,2423.73,899.98,1523.75,238469.62
238,20,2423.73,894.26,1529.47,236940.15
239,20,2423.73,888.53,1535.20,235404.95
240,20,2423.73,882.77,1540.96,233863.99
241,21,2423.73,876.99,1546.74,232317.25
242,21,2423.73,871.19,1552.54,230764.71
243,21,2423.73,865.37,1558.36,229206.35
244,21,2423.73,859.52,1564.21,227642.14
245,21,2423.73,853.66,1570.07,226072.07
246,21,2423.73,847.77,1575.96,224496.11
247,21,2423.73,841.86,1581.87,222914.25
248,21,2423.73,835.93,1587.80,221326.44
249,21,2423.73,829.97,1593.76,219732.69
250,21,2423.73,824.00,1599.73,218132.96
251,21,2423.73,818.00,1605.73,216527.23
252,21,2423.73,811.98,1611.75,214915.48
253,22,2423.73,805.93,1617.80,213297.68
254,22,2423.73,799.87,1623.86,211673.82
255,22,2423.73,793.78,1629.95,210043.86
256,22,2423.73,787.66,1636.06,208407.80
257,22,2423.73,781.53,1642.20,206765.60
258,22,2423.73,775.37,1648.36,205117.24
259,22,2423.73,769.19,1654.54,203462.70
260,22,2423.73,762.99,1660.74,201801.96
261,22,2423.73,756.76,1666.97,200134.99
262,22,2423.73,750.51,1673.22,198461.76
263,22,2423.73,744.23,1679.50,196782.27
264,22,2423.73,737.93,1685.80,195096.47
265,23,2423.73,731.61,1692.12,193404.35
266,23,2423.73,725.27,1698.46,191705.89
267,23,2423.73,718.90,1704.83,190001.06
268,23,2423.73,712.50,1711.23,188289.83
269,23,2423.73,706.09,1717.64,186572.19
270,23,2423.73,699.65,1724.08,184848.11
271,23,2423.73,693.18,1730.55,183117.56
272,23,2423.73,686.69,1737.04,181380.52
273,23,2423.73,680.18,1743.55,179636.97
274,23,2423.73,673.64,1750.09,177886.88
275,23,2423.73,667.08,1756.65,176130.22
276,23,2423.73,660.49,1763.24,174366.98
277,24,2423.73,653.88,1769.85,172597.13
278,24,2423.73,647.24,1776.49,170820.64
279,24,2423.73,640.58,1783.15,169037.49
280,24,2423.73,633.89,1789.84,167247.65
281,24,2423.73,627.18,1796.55,165451.10
282,24,2423.73,620.44,1803.29,163647.81
283,24,2423.73,613.68,1810.05,161837.76
284,24,2423.73,606.89,1816.84,160020.92
285,24,2423.73,600.08,1823.65,158197.27
286,24,2423.73,593.24,1830.49,156366.78
287,24,2423.73,586.38,1837.35,154529.43
288,24,2423.73,579.49,1844.24,152685.19
289,25,2423.73,572.57,1851.16,150834.03
290,25,2423.73,565.63,1858.10,148975.92
291,25,2423.73,558.66,1865.07,147110.86
292,25,2423.73,551.67,1872.06,145238.79
293,25,2423.73,544.65,1879.08,143359.71
294,25,2423.73,537.60,1886.13,141473.58
295,25,2423.73,530.53,1893.20,139580.37
296,25,2423.73,523.43,1900.30,137680.07
297,25,2423.73,516.30,1907.43,135772.64
298,25,2423.73,509.15,1914.58,133858.06
299,25,2423.73,501.97,1921.76,131936.30
300,25,2423.73,494.76,1928.97,130007.33
301,26,2423.73,487.53,1936.20,128071.13
302,26,2423.73,480.27,1943.46,126127.67
303,26,2423.73,472.98,1950.75,124176.92
304,26,2423.73,465.66,1958.07,122218.85
305,26,2423.73,458.32,1965.41,120253.44
306,26,2423.73,450.95,1972.78,118280.66
307,26,2423.73,443.55,1980.18,116300.49
308,26,2423.73,436.13,1987.60,114312.88
309,26,2423.73,428.67,1995.06,112317.83
310,26,2423.73,421.19,2002.54,110315.29
311,26,2423.73,413.68,2010.05,108305.24
312,26,2423.73,406.14,2017.58,106287.66
313,27,2423.73,398.58,2025.15,104262.51
314,27,2423.73,390.98,2032.74,102229.76
315,27,2423.73,383.36,2040.37,100189.40
316,27,2423.73,375.71,2048.02,98141.38
317,27,2423.73,368.03,2055.70,96085.68
318,27,2423.73,360.32,2063.41,94022.27
319,27,2423.73,352.58,2071.15,91951.13
320,27,2423.73,344.82,2078.91,89872.21
321,27,2423.73,337.02,2086.71,87785.51
322,27,2423.73,329.20,2094.53,85690.97
323,27,2423.73,321.34,2102.39,83588.58
324,27,2423.73,313.46,2110.27,81478.31
325,28,2423.73,305.54,2118.19,79360.13
326,28,2423.73,297.60,2126.13,77234.00
327,28,2423.73,289.63,2134.10,75099.90
328,28,2423.73,281.62,2142.10,72957.79
329,28,2423.73,273.59,2150.14,70807.65
330,28,2423.73,265.53,2158.20,68649.45
331,28,2423.73,257.44,2166.29,66483.16
332,28,2423.73,249.31,2174.42,64308.74
333,28,2423.73,241.16,2182.57,62126.17
334,28,2423.73,232.97,2190.76,59935.41
335,28,2423.73,224.76,2198.97,57736.44
336,28,2423.73,216.51,2207.22,55529.23
337,29,2423.73,208.23,2215.49,53313.73
338,29,2423.73,199.93,2223.80,51089.93
339,29,2423.73,191.59,2232.14,48857.79
340,29,2423.73,183.22,2240.51,46617.27
341,29,2423.73,174.81,2248.91,44368.36
342,29,2423.73,166.38,2257.35,42111.01
343,29,2423.73,157.92,2265.81,39845.20
344,29,2423.73,149.42,2274.31,37570.89
345,29,2423.73,140.89,2282.84,35288.05
346,29,2423.73,132.33,2291.40,32996.65
347,29,2423.73,123.74,2299.99,30696.66
348,29,2423.73,115.11,2308.62,28388.04
349,30,2423.73,106.46,2317.27,26070.77
350,30,2423.73,97.77,2325.96,23744.81
351,30,2423.73,89.04,2334.69,21410.12
352,30,2423.73,80.29,2343.44,19066.68
353,30,2423.73,71.50,2352.23,16714.45
354,30,2423.73,62.68,2361.05,14353.40
355,30,2423.73,53.83,2369.90,11983.50
356,30,2423.73,44.94,2378.79,9604.70
357,30,2423.73,36.02,2387.71,7216.99
358,30,2423.73,27.06,2396.67,4820.33
359,30,2423.73,18.08,2405.65,2414.67
360,30,2423.73,9.06,2414.67,0
